rectangle 160 210 90 53 0 ff3366
rectangle 160 263 70 210 0 f8ee37
circle 195 515 40 0 3266cc
triangle 405 20 325 90 480 90 0 3266cc
rectangle 340 90 130 112 0 f8ee37
rectangle 325 112 18 60 0 f8ee37
rectangle 470 112 18 60 0 f8ee37
circle 380 125 10 0 3266cc
circle 440 125 10 0 3266cc
triangle 410 130 390 165 430 165 0 3266cc
rectangle 380 175 60 15 0 ff3366
rectangle 250 205 290 260 0 ff3366
rectangle 300 465 70 230 0 f8ee37
rectangle 245 695 125 55 0 ff3366
rectangle 440 465 70 230 0 f8ee37
rectangle 440 695 125 55 0 ff3366
rectangle 540 210 90 53 0 ff3366
rectangle 560 263 70 210 0 f8ee37
circle 595 515 40 0 3266cc
circle 400 259 40 0 3266cc
circle 400 349 35 0 3266cc
circle 400 425 30 0 3266cc
triangle 312 280 282 340 342 340 0 3266cc
triangle 487 280 457 340 517 340 0 3266cc





 
